48 48 402
1 1
5 1
6 1
7 1
11 1
19 1
25 1
30 1
2 2
4 2
6 2
8 2
10 2
20 2
24 2
26 2
3 3
4 3
5 3
9 3
21 3
23 3
27 3
28 3
2 4
3 4
4 4
8 4
10 4
22 4
27 4
28 4
1 5
3 5
5 5
7 5
11 5
21 5
23 5
29 5
1 6
2 6
6 6
12 6
20 6
24 6
25 6
30 6
1 7
5 7
7 7
11 7
12 7
13 7
31 7
36 7
2 8
4 8
8 8
10 8
12 8
14 8
18 8
32 8
3 9
9 9
10 9
11 9
15 9
17 9
33 9
34 9
2 10
4 10
8 10
9 10
10 10
16 10
33 10
34 10
1 11
5 11
7 11
9 11
11 11
15 11
17 11
35 11
6 12
7 12
8 12
12 12
14 12
18 12
31 12
36 12
7 13
13 13
17 13
18 13
19 13
23 13
37 13
42 13
43 13
47 13
48 13
8 14
12 14
14 14
15 14
16 14
18 14
20 14
22 14
38 14
44 14
45 14
46 14
9 15
11 15
14 15
15 15
16 15
17 15
21 15
39 15
40 15
44 15
45 15
46 15
10 16
14 16
15 16
16 16
20 16
22 16
39 16
40 16
44 16
45 16
46 16
9 17
11 17
13 17
15 17
17 17
18 17
19 17
23 17
41 17
43 17
47 17
48 17
8 18
12 18
13 18
14 18
17 18
18 18
24 18
37 18
42 18
43 18
47 18
48 18
1 19
13 19
17 19
19 19
23 19
24 19
43 19
48 19
2 20
6 20
14 20
16 20
20 20
22 20
24 20
44 20
3 21
5 21
15 21
21 21
22 21
23 21
45 21
46 21
4 22
14 22
16 22
20 22
21 22
22 22
45 22
46 22
3 23
5 23
13 23
17 23
19 23
21 23
23 23
47 23
2 24
6 24
18 24
19 24
20 24
24 24
43 24
48 24
1 25
6 25
25 25
29 25
30 25
31 25
35 25
2 26
26 26
28 26
32 26
34 26
3 27
4 27
27 27
28 27
33 27
3 28
4 28
26 28
27 28
28 28
32 28
34 28
5 29
25 29
29 29
31 29
35 29
1 30
6 30
25 30
30 30
36 30
7 31
12 31
25 31
29 31
31 31
35 31
36 31
37 31
8 32
26 32
28 32
32 32
34 32
36 32
38 32
42 32
9 33
10 33
27 33
33 33
34 33
35 33
39 33
41 33
9 34
10 34
26 34
28 34
32 34
33 34
34 34
40 34
11 35
25 35
29 35
31 35
33 35
35 35
39 35
41 35
7 36
12 36
30 36
31 36
32 36
36 36
38 36
42 36
13 37
18 37
31 37
37 37
41 37
42 37
43 37
47 37
14 38
32 38
36 38
38 38
40 38
42 38
44 38
46 38
15 39
16 39
33 39
35 39
39 39
40 39
41 39
45 39
15 40
16 40
34 40
38 40
39 40
40 40
44 40
46 40
17 41
33 41
35 41
37 41
39 41
41 41
43 41
47 41
13 42
18 42
32 42
36 42
37 42
38 42
42 42
48 42
13 43
17 43
18 43
19 43
24 43
37 43
41 43
43 43
47 43
48 43
14 44
15 44
16 44
20 44
38 44
40 44
44 44
45 44
46 44
14 45
15 45
16 45
21 45
22 45
39 45
44 45
45 45
46 45
14 46
15 46
16 46
21 46
22 46
38 46
40 46
44 46
45 46
46 46
13 47
17 47
18 47
23 47
37 47
41 47
43 47
47 47
48 47
13 48
17 48
18 48
19 48
24 48
42 48
43 48
47 48
48 48
