0 0 -1
1 0 -1
0 1 -2
1 1 -1
2 1 -1
3 2 -1
1 2 -2
2 2 -1
2 3 -2
3 3 -1
4 3 -1
4 4 -1
5 4 -1
3 4 -2
6 5 -1
4 5 -2
5 5 -1
5 6 -2
6 6 -1
7 6 -1
7 7 -1
8 7 -1
6 7 -2
9 8 -1
7 8 -2
8 8 -1
9 9 -1
8 9 -2
10 9 -1
10 10 -1
9 10 -2
11 10 -1
12 11 -1
10 11 -2
11 11 -1
13 12 -1
11 12 -2
12 12 -1
13 13 -1
14 13 -1
12 13 -2
15 14 -1
13 14 -2
14 14 -1
16 15 -1
14 15 -2
15 15 -1
16 16 -1
17 16 -1
15 16 -2
16 17 -2
17 17 -1
18 17 -1
19 18 -1
17 18 -2
18 18 -1
19 19 -1
20 19 -1
18 19 -2
21 20 -1
19 20 -2
20 20 -1
20 21 -2
21 21 -1
22 21 -1
22 22 -1
23 22 -1
21 22 -2
24 23 -1
22 23 -2
23 23 -1
24 24 -1
25 24 -1
23 24 -2
25 25 -1
26 25 -1
24 25 -2
25 26 -2
26 26 -1
27 26 -1
26 27 -2
27 27 -1
28 27 -1
27 28 -2
28 28 -1
29 28 -1
28 29 -2
29 29 -1
30 29 -1
29 30 -2
30 30 -1
31 30 -1
30 31 -2
31 31 -1
32 31 -1
33 32 -1
31 32 -2
32 32 -1
32 33 -2
33 33 -1
34 33 -1
33 34 -2
34 34 -1
35 34 -1
34 35 -2
35 35 -1
36 35 -1
35 36 -2
36 36 -1
37 36 -1
36 37 -2
37 37 -1
38 37 -1
37 38 -2
38 38 -1
39 38 -1
38 39 -2
39 39 -1
40 39 -1
41 40 -1
39 40 -2
40 40 -1
41 41 -1
42 41 -1
40 41 -2
41 42 -2
42 42 -1
43 42 -1
42 43 -2
43 43 -1
44 43 -1
43 44 -2
44 44 -1
45 44 -1
44 45 -2
45 45 -1
46 45 -1
45 46 -2
46 46 -1
47 46 -1
46 47 -2
47 47 -1
48 47 -1
47 48 -2
48 48 -1
49 48 -1
49 49 -1
50 49 -1
48 49 -2
49 50 -2
50 50 -1
51 50 -1
50 51 -2
51 51 -1
52 51 -1
51 52 -2
52 52 -1
53 52 -1
52 53 -2
53 53 -1
54 53 -1
53 54 -2
54 54 -1
55 54 -1
54 55 -2
55 55 -1
56 55 -1
57 56 -1
55 56 -2
56 56 -1
57 57 -1
58 57 -1
56 57 -2
58 58 -1
59 58 -1
57 58 -2
58 59 -2
59 59 -1
60 59 -1
59 60 -2
60 60 -1
61 60 -1
60 61 -2
61 61 -1
62 61 -1
61 62 -2
62 62 -1
63 62 -1
62 63 -2
63 63 -1
64 63 -1
64 64 -1
65 64 -1
63 64 -2
64 65 -2
65 65 -1
66 65 -1
65 66 -2
66 66 -1
67 66 -1
66 67 -2
67 67 -1
68 67 -1
67 68 -2
68 68 -1
69 68 -1
68 69 -2
69 69 -1
70 69 -1
69 70 -2
70 70 -1
71 70 -1
70 71 -2
71 71 -1
72 71 -1
71 72 -2
72 72 -1
73 72 -1
72 73 -2
73 73 -1
74 73 -1
73 74 -2
74 74 -1
75 74 -1
74 75 -2
75 75 -1
76 75 -1
75 76 -2
76 76 -1
77 76 -1
76 77 -2
77 77 -1
78 77 -1
77 78 -2
78 78 -1
79 78 -1
78 79 -2
79 79 -1
80 79 -1
79 80 -2
80 80 -1
81 80 -1
80 81 -2
81 81 -1
82 81 -1
81 82 -2
82 82 -1
83 82 -1
82 83 -2
83 83 -1
84 83 -1
83 84 -2
84 84 -1
85 84 -1
84 85 -2
85 85 -1
86 85 -1
86 86 -1
87 86 -1
85 86 -2
86 87 -2
87 87 -1
88 87 -1
87 88 -2
88 88 -1
89 88 -1
88 89 -2
89 89 -1
90 89 -1
89 90 -2
90 90 -1
91 90 -1
90 91 -2
91 91 -1
92 91 -1
91 92 -2
92 92 -1
93 92 -1
92 93 -2
93 93 -1
94 93 -1
93 94 -2
94 94 -1
95 94 -1
94 95 -2
95 95 -1
96 95 -1
95 96 -2
96 96 -1
97 96 -1
96 97 -2
97 97 -1
98 97 -1
97 98 -2
98 98 -1
99 98 -1
98 99 -2
99 99 -1
100 99 -1
99 100 -2
100 100 -1
101 100 -1
100 101 -2
101 101 -1
102 101 -1
101 102 -2
102 102 -1
103 102 -1
102 103 -2
103 103 -1
104 103 -1
103 104 -2
104 104 -1
105 104 -1
104 105 -2
105 105 -1
106 105 -1
105 106 -2
106 106 -1
107 106 -1
106 107 -2
107 107 -1
108 107 -1
108 108 -1
109 108 -1
107 108 -2
108 109 -2
109 109 -1
110 109 -1
109 110 -2
110 110 -1
111 110 -1
110 111 -2
111 111 -1
112 111 -1
111 112 -2
112 112 -1
113 112 -1
112 113 -2
113 113 -1
114 113 -1
113 114 -2
114 114 -1
115 114 -1
114 115 -2
115 115 -1
116 115 -1
115 116 -2
116 116 -1
117 116 -1
116 117 -2
117 117 -1
118 117 -1
117 118 -2
118 118 -1
119 118 -1
118 119 -2
119 119 -1
120 119 -1
119 120 -2
120 120 -1
121 120 -1
120 121 -2
121 121 -1
122 121 -1
121 122 -2
122 122 -1
123 122 -1
122 123 -2
123 123 -1
124 123 -1
123 124 -2
124 124 -1
125 124 -1
124 125 -2
125 125 -1
126 125 -1
125 126 -2
126 126 -1
127 126 -1
126 127 -2
127 127 -1
128 127 -1
127 128 -2
128 128 -1
129 128 -1
128 129 -2
129 129 -1
130 129 -1
130 130 -1
131 130 -1
129 130 -2
130 131 -2
131 131 -1
132 131 -1
131 132 -2
132 132 -1
133 132 -1
132 133 -2
133 133 -1
134 133 -1
133 134 -2
134 134 -1
135 134 -1
134 135 -2
135 135 -1
136 135 -1
135 136 -2
136 136 -1
137 136 -1
136 137 -2
137 137 -1
138 137 -1
137 138 -2
138 138 -1
139 138 -1
138 139 -2
139 139 -1
140 139 -1
139 140 -2
140 140 -1
141 140 -1
140 141 -2
141 141 -1
142 141 -1
141 142 -2
142 142 -1
143 142 -1
142 143 -2
143 143 -1
144 143 -1
143 144 -2
144 144 -1
145 144 -1
144 145 -2
145 145 -1
146 145 -1
145 146 -2
146 146 -1
147 146 -1
146 147 -2
147 147 -1
148 147 -1
147 148 -2
148 148 -1
149 148 -1
148 149 -2
149 149 -1
150 149 -1
149 150 -2
150 150 -1
151 150 -1
150 151 -2
151 151 -1
152 151 -1
152 152 -1
153 152 -1
151 152 -2
152 153 -2
153 153 -1
154 153 -1
153 154 -2
154 154 -1
155 154 -1
154 155 -2
155 155 -1
156 155 -1
155 156 -2
156 156 -1
157 156 -1
156 157 -2
157 157 -1
158 157 -1
157 158 -2
158 158 -1
159 158 -1
158 159 -2
159 159 -1
160 159 -1
159 160 -2
160 160 -1
161 160 -1
160 161 -2
161 161 -1
162 161 -1
161 162 -2
162 162 -1
163 162 -1
162 163 -2
163 163 -1
164 163 -1
163 164 -2
164 164 -1
165 164 -1
164 165 -2
165 165 -1
166 165 -1
165 166 -2
166 166 -1
167 166 -1
166 167 -2
167 167 -1
168 167 -1
167 168 -2
168 168 -1
169 168 -1
168 169 -2
169 169 -1
170 169 -1
169 170 -2
170 170 -1
171 170 -1
0 171 3
12 171 3
24 171 3
64 171 3
86 171 3
108 171 3
18 171 3
57 171 3
130 171 3
152 171 3
32 171 3
65 171 3
87 171 3
131 171 3
109 171 3
21 171 3
153 171 3
33 171 3
9 171 3
66 171 3
88 171 3
49 171 3
15 171 3
41 171 3
3 171 3
132 171 3
110 171 3
67 171 3
154 171 3
89 171 3
133 171 3
111 171 3
25 171 3
90 171 3
155 171 3
68 171 3
50 171 3
58 171 3
134 171 3
42 171 3
156 171 3
112 171 3
91 171 3
69 171 3
135 171 3
34 171 3
157 171 3
113 171 3
92 171 3
26 171 3
51 171 3
70 171 3
59 171 3
6 171 3
136 171 3
158 171 3
114 171 3
93 171 3
137 171 3
71 171 3
5 171 3
35 171 3
94 171 3
115 171 3
22 171 3
159 171 3
27 171 3
72 171 3
43 171 3
116 171 3
138 171 3
60 171 3
13 171 3
95 171 3
160 171 3
73 171 3
19 171 3
16 171 3
139 171 3
161 171 3
117 171 3
36 171 3
96 171 3
74 171 3
44 171 3
118 171 3
52 171 3
8 171 3
10 171 3
162 171 3
140 171 3
75 171 3
97 171 3
163 171 3
141 171 3
119 171 3
28 171 3
61 171 3
2 171 3
76 171 3
98 171 3
45 171 3
164 171 3
120 171 3
53 171 3
142 171 3
165 171 3
77 171 3
99 171 3
143 171 3
121 171 3
23 171 3
1 171 3
29 171 3
62 171 3
78 171 3
37 171 3
17 171 3
20 171 3
166 171 3
122 171 3
54 171 3
4 171 3
79 171 3
100 171 3
144 171 3
123 171 3
101 171 3
145 171 3
11 171 3
30 171 3
80 171 3
167 171 3
14 171 3
38 171 3
46 171 3
124 171 3
102 171 3
63 171 3
81 171 3
146 171 3
168 171 3
103 171 3
125 171 3
147 171 3
169 171 3
55 171 3
82 171 3
39 171 3
47 171 3
126 171 3
148 171 3
104 171 3
170 171 1
149 171 3
83 171 3
105 171 3
171 171 2
127 171 3
172 171 2
31 171 3
56 171 3
173 171 3
84 171 3
106 171 3
48 171 3
128 171 3
150 171 3
174 171 3
7 171 3
107 171 3
85 171 3
129 171 3
151 171 3
175 171 3
40 171 3
40 172 -1
64 172 -1
7 172 -1
24 172 -1
86 172 -1
108 172 -1
130 172 -1
152 172 -1
65 172 -1
49 172 -1
1 172 -1
0 172 -1
87 172 -1
131 172 -1
109 172 -1
57 172 -1
153 172 -1
12 172 -1
66 172 -1
25 172 -1
88 172 -1
67 172 -1
132 172 -1
110 172 -1
18 172 -1
33 172 -1
154 172 -1
41 172 -1
89 172 -1
133 172 -1
15 172 -1
21 172 -1
111 172 -1
3 172 -1
58 172 -1
68 172 -1
90 172 -1
155 172 -1
134 172 -1
9 172 -1
112 172 -1
156 172 -1
34 172 -1
69 172 -1
91 172 -1
50 172 -1
135 172 -1
22 172 -1
42 172 -1
157 172 -1
113 172 -1
70 172 -1
92 172 -1
26 172 -1
136 172 -1
158 172 -1
114 172 -1
4 172 -1
13 172 -1
19 172 -1
93 172 -1
51 172 -1
71 172 -1
59 172 -1
16 172 -1
137 172 -1
43 172 -1
115 172 -1
94 172 -1
72 172 -1
159 172 -1
116 172 -1
35 172 -1
10 172 -1
27 172 -1
138 172 -1
95 172 -1
73 172 -1
160 172 -1
52 172 -1
60 172 -1
161 172 -1
117 172 -1
74 172 -1
96 172 -1
139 172 -1
118 172 -1
28 172 -1
162 172 -1
36 172 -1
75 172 -1
44 172 -1
97 172 -1
140 172 -1
61 172 -1
163 172 -1
119 172 -1
141 172 -1
76 172 -1
164 172 -1
98 172 -1
120 172 -1
142 172 -1
45 172 -1
77 172 -1
53 172 -1
37 172 -1
143 172 -1
99 172 -1
165 172 -1
121 172 -1
78 172 -1
29 172 -1
79 172 -1
166 172 -1
122 172 -1
100 172 -1
144 172 -1
6 172 -1
62 172 -1
46 172 -1
5 172 -1
54 172 -1
23 172 -1
101 172 -1
123 172 -1
80 172 -1
145 172 -1
167 172 -1
30 172 -1
124 172 -1
81 172 -1
102 172 -1
146 172 -1
168 172 -1
17 172 -1
38 172 -1
20 172 -1
14 172 -1
55 172 -1
103 172 -1
125 172 -1
147 172 -1
63 172 -1
169 172 -1
82 172 -1
11 172 -1
148 172 -1
104 172 -1
126 172 -1
31 172 -1
170 172 -1
47 172 -1
39 172 -1
83 172 -1
149 172 -1
105 172 -1
171 172 -3
127 172 -1
8 172 -1
172 172 -2
2 172 -1
84 172 -1
173 172 -2
106 172 -1
128 172 -1
150 172 -1
174 172 -1
48 172 -1
32 172 -1
56 172 -1
85 172 -1
107 172 -1
129 172 -1
151 172 -1
175 172 -1
8 173 -1
32 173 -1
64 173 -1
86 173 -1
130 173 -1
108 173 -1
152 173 -1
65 173 -1
40 173 -1
87 173 -1
131 173 -1
24 173 -1
66 173 -1
109 173 -1
49 173 -1
153 173 -1
57 173 -1
88 173 -1
41 173 -1
132 173 -1
67 173 -1
110 173 -1
2 173 -1
154 173 -1
89 173 -1
133 173 -1
33 173 -1
25 173 -1
90 173 -1
111 173 -1
68 173 -1
155 173 -1
50 173 -1
58 173 -1
12 173 -1
134 173 -1
91 173 -1
112 173 -1
156 173 -1
69 173 -1
135 173 -1
34 173 -1
157 173 -1
7 173 -1
26 173 -1
113 173 -1
92 173 -1
70 173 -1
42 173 -1
59 173 -1
136 173 -1
158 173 -1
3 173 -1
114 173 -1
93 173 -1
71 173 -1
5 173 -1
35 173 -1
137 173 -1
0 173 -1
94 173 -1
115 173 -1
51 173 -1
159 173 -1
72 173 -1
43 173 -1
22 173 -1
19 173 -1
95 173 -1
116 173 -1
138 173 -1
160 173 -1
73 173 -1
13 173 -1
27 173 -1
10 173 -1
96 173 -1
117 173 -1
139 173 -1
161 173 -1
16 173 -1
74 173 -1
44 173 -1
60 173 -1
52 173 -1
118 173 -1
162 173 -1
75 173 -1
97 173 -1
140 173 -1
36 173 -1
28 173 -1
163 173 -1
119 173 -1
1 173 -1
141 173 -1
61 173 -1
76 173 -1
98 173 -1
164 173 -1
53 173 -1
120 173 -1
4 173 -1
142 173 -1
23 173 -1
77 173 -1
99 173 -1
143 173 -1
165 173 -1
121 173 -1
29 173 -1
78 173 -1
45 173 -1
62 173 -1
37 173 -1
79 173 -1
100 173 -1
122 173 -1
144 173 -1
166 173 -1
20 173 -1
17 173 -1
14 173 -1
101 173 -1
80 173 -1
123 173 -1
145 173 -1
167 173 -1
11 173 -1
46 173 -1
54 173 -1
38 173 -1
102 173 -1
124 173 -1
81 173 -1
146 173 -1
168 173 -1
103 173 -1
6 173 -1
30 173 -1
9 173 -1
125 173 -1
147 173 -1
82 173 -1
55 173 -1
169 173 -1
47 173 -1
104 173 -1
148 173 -1
126 173 -1
63 173 -1
170 173 -1
21 173 -1
83 173 -1
105 173 -1
149 173 -1
171 173 -1
127 173 -1
39 173 -1
31 173 -1
172 173 -3
84 173 -1
56 173 -1
106 173 -1
173 173 -2
128 173 -1
150 173 -1
174 173 -2
18 173 -1
15 173 -1
107 173 -1
85 173 -1
151 173 -1
129 173 -1
48 173 -1
175 173 -1
64 174 0.5
48 174 0.5
0 174 0.5
86 174 0.5
24 174 0.5
108 174 0.5
130 174 0.5
32 174 0.5
152 174 0.5
18 174 0.5
15 174 0.5
65 174 0.5
87 174 0.5
57 174 0.5
131 174 0.5
109 174 0.5
66 174 0.5
153 174 0.5
9 174 0.5
88 174 0.5
21 174 0.5
12 174 0.5
132 174 0.5
110 174 0.5
49 174 0.5
33 174 0.5
67 174 0.5
41 174 0.5
89 174 0.5
154 174 0.5
133 174 0.5
111 174 0.5
90 174 0.5
155 174 0.5
68 174 0.5
25 174 0.5
3 174 0.5
112 174 0.5
134 174 0.5
156 174 0.5
91 174 0.5
50 174 0.5
6 174 0.5
58 174 0.5
69 174 0.5
42 174 0.5
135 174 0.5
157 174 0.5
8 174 0.5
113 174 0.5
70 174 0.5
92 174 0.5
34 174 0.5
26 174 0.5
136 174 0.5
114 174 0.5
158 174 0.5
93 174 0.5
51 174 0.5
71 174 0.5
59 174 0.5
115 174 0.5
137 174 0.5
94 174 0.5
159 174 0.5
72 174 0.5
35 174 0.5
27 174 0.5
116 174 0.5
95 174 0.5
138 174 0.5
43 174 0.5
73 174 0.5
160 174 0.5
60 174 0.5
117 174 0.5
96 174 0.5
74 174 0.5
139 174 0.5
161 174 0.5
36 174 0.5
118 174 0.5
162 174 0.5
44 174 0.5
97 174 0.5
16 174 0.5
140 174 0.5
22 174 0.5
52 174 0.5
19 174 0.5
75 174 0.5
119 174 0.5
163 174 0.5
76 174 0.5
141 174 0.5
28 174 0.5
98 174 0.5
10 174 0.5
120 174 0.5
164 174 0.5
61 174 0.5
13 174 0.5
142 174 0.5
5 174 0.5
45 174 0.5
53 174 0.5
7 174 0.5
77 174 0.5
99 174 0.5
121 174 0.5
143 174 0.5
165 174 0.5
78 174 0.5
29 174 0.5
122 174 0.5
79 174 0.5
100 174 0.5
166 174 0.5
144 174 0.5
37 174 0.5
62 174 0.5
101 174 0.5
54 174 0.5
123 174 0.5
80 174 0.5
167 174 0.5
145 174 0.5
23 174 0.5
30 174 0.5
124 174 0.5
20 174 0.5
81 174 0.5
102 174 0.5
46 174 0.5
146 174 0.5
38 174 0.5
168 174 0.5
2 174 0.5
103 174 0.5
125 174 0.5
63 174 0.5
11 174 0.5
147 174 0.5
14 174 0.5
17 174 0.5
82 174 0.5
169 174 0.5
4 174 0.5
104 174 0.5
126 174 0.5
148 174 0.5
39 174 0.5
55 174 0.5
170 174 0.5
47 174 0.5
83 174 0.5
105 174 0.5
127 174 0.5
149 174 0.5
171 174 0.5
172 174 0.5
84 174 0.5
106 174 0.5
31 174 0.5
128 174 0.5
173 174 -1.5
150 174 0.5
40 174 0.5
107 174 0.5
56 174 0.5
1 174 0.5
85 174 0.5
174 174 -0.5
129 174 0.5
151 174 0.5
175 174 -0.5
40 175 -1
64 175 -1
86 175 -1
130 175 -1
48 175 -1
108 175 -1
65 175 -1
152 175 -1
87 175 -1
32 175 -1
131 175 -1
24 175 -1
109 175 -1
66 175 -1
49 175 -1
153 175 -1
88 175 -1
57 175 -1
132 175 -1
110 175 -1
67 175 -1
89 175 -1
133 175 -1
154 175 -1
33 175 -1
12 175 -1
25 175 -1
18 175 -1
111 175 -1
41 175 -1
15 175 -1
155 175 -1
68 175 -1
90 175 -1
58 175 -1
4 175 -1
134 175 -1
112 175 -1
1 175 -1
156 175 -1
91 175 -1
21 175 -1
135 175 -1
69 175 -1
34 175 -1
9 175 -1
50 175 -1
157 175 -1
113 175 -1
42 175 -1
70 175 -1
92 175 -1
136 175 -1
114 175 -1
93 175 -1
158 175 -1
71 175 -1
26 175 -1
137 175 -1
115 175 -1
94 175 -1
43 175 -1
51 175 -1
159 175 -1
59 175 -1
72 175 -1
116 175 -1
138 175 -1
95 175 -1
19 175 -1
35 175 -1
160 175 -1
22 175 -1
16 175 -1
73 175 -1
27 175 -1
117 175 -1
139 175 -1
74 175 -1
161 175 -1
96 175 -1
60 175 -1
10 175 -1
13 175 -1
52 175 -1
118 175 -1
140 175 -1
162 175 -1
7 175 -1
3 175 -1
97 175 -1
75 175 -1
36 175 -1
119 175 -1
44 175 -1
163 175 -1
28 175 -1
141 175 -1
61 175 -1
76 175 -1
0 175 -1
120 175 -1
98 175 -1
164 175 -1
6 175 -1
8 175 -1
142 175 -1
77 175 -1
99 175 -1
143 175 -1
53 175 -1
165 175 -1
121 175 -1
45 175 -1
78 175 -1
37 175 -1
122 175 -1
100 175 -1
144 175 -1
166 175 -1
79 175 -1
29 175 -1
101 175 -1
123 175 -1
80 175 -1
46 175 -1
145 175 -1
167 175 -1
62 175 -1
54 175 -1
124 175 -1
146 175 -1
102 175 -1
81 175 -1
30 175 -1
168 175 -1
103 175 -1
38 175 -1
125 175 -1
147 175 -1
55 175 -1
82 175 -1
148 175 -1
169 175 -1
126 175 -1
63 175 -1
104 175 -1
5 175 -1
20 175 -1
17 175 -1
170 175 -1
23 175 -1
83 175 -1
105 175 -1
149 175 -1
127 175 -1
171 175 -1
47 175 -1
39 175 -1
2 175 -1
31 175 -1
172 175 -1
84 175 -1
106 175 -1
128 175 -1
150 175 -1
173 175 -1
11 175 -1
14 175 -1
107 175 -1
151 175 -1
174 175 -3
85 175 -1
129 175 -1
56 175 -1
175 175 -2
